1.362460257426283183e+00
9.173783317476803534e-01
7.759908992164890051e-01
6.852357432673267246e-01
6.348743324399006571e-01
5.971176305151435493e-01
5.600271026914852568e-01
5.360459562434586323e-01
5.123137972069653490e-01
4.920413586089003033e-01
4.778403734284237259e-01
4.628416758717530666e-01
4.507084194306455460e-01
4.375456008705986832e-01
4.287955564618519677e-01
4.204362741679502080e-01
4.135179164427006948e-01
4.074817199778965060e-01
3.979118154712929512e-01
3.915164771559787593e-01
3.873802656186988713e-01
3.788068267575234183e-01
3.716973163873431019e-01
3.669870237865550111e-01
3.603033788019187611e-01
3.595137729066374410e-01
3.526344881927322983e-01
3.491897669022244743e-01
3.432796935726107890e-01
3.406819172520279548e-01
