6.170992828052801471e-01
7.364333027809012444e-01
7.749388163924821882e-01
8.023415131958158142e-01
8.138317474416274511e-01
8.256243562728552421e-01
8.354326318872897783e-01
8.421793648243864894e-01
8.484725358833589137e-01
8.535278609832842589e-01
8.578366988254636505e-01
8.631566016876280889e-01
8.650936888754499066e-01
8.696104092451029111e-01
8.728987328615028796e-01
8.747318787855880018e-01
8.773209611732133428e-01
8.777745230513375185e-01
8.808077181112926590e-01
8.827826021222915376e-01
8.835290893800374912e-01
8.856551606837445023e-01
8.882631414829582628e-01
8.896238271173306789e-01
8.916932031862720986e-01
8.914380746298272706e-01
8.926381237656973999e-01
8.943295316028687658e-01
8.959169981763032142e-01
8.963422124370445943e-01
